1ТерО/4:Вермут,71810,9992,0,0,0
1ТерО/4:Джил,71480,9231,0,0,0
1ТерО/4:Каспер,71136,10935,0,0,0
1ТерО/4:Ликер,71266,12249,0,0,0
1ТерО/4:Порт,72549,11174,0,0,0
1ТерО/4:Портвейн,72810,9325,0,0,0
1ТерО/4:Текила,72261,9611,0,0,0
1ТерО/4:Фасоль,72653,13314,0,0,0
1ТерО/4:Ямайка,72446,11838,0,0,0
1/4:Арэс,71641,4566,0,0,0
1/4:Буржуй,68986,7082,0,0,0
1/4:Зима,73957,6707,0,0,0
1/4:Зипа,72955,7350,0,0,0
1/4:Край,69959,3647,0,0,0
1/4:Лаки,71608,4568,0,0,0
1/4:Мерин,65801,10341,0,0,0
1/4:Небо,69220,10185,0,0,0
1/4:Палка,71729,8231,0,0,0
1/4:Смотрящий,72758,4369,0,0,0
1/4:Соль,72231,4472,0,0,0
1/4:Танго,73087,6516,0,0,0
1/4:Фарт,70858,4870,0,0,0
1/4:Холод,69555,6597,0,0,0
1/4:Чао,70960,4886,0,0,0
1/4:Чердак,66102,12277,0,0,0
1/4:Шабаш,66704,8432,0,0,0
2ТерО/4:Амон,71367,9019,0,0,0
2ТерО/4:Арсенал,71217,9148,0,0,0
2ТерО/4:Белена,73009,8124,0,0,0
2ТерО/4:Вирус,73998,3117,0,0,0
2ТерО/4:Гринпис,71503,12398,0,0,0
2ТерО/4:Джокер,73125,8234,0,0,0
2ТерО/4:Дубы,73051,9518,0,0,0
2ТерО/4:Карамелька,71708,8893,0,0,0
2ТерО/4:Кнут,72959,8407,0,0,0
2ТерО/4:Коржик,72358,8611,0,0,0
2ТерО/4:Крым,71083,9929,0,0,0
2ТерО/4:Лесоруб,72624,8282,0,0,0
2ТерО/4:Перегар,71499,8806,0,0,0
2ТерО/4:Порох,70996,11585,0,0,0
2ТерО/4:Проходная,70862,10329,0,0,0
2ТерО/4:Пуля,71114,10935,0,0,0
2ТерО/4:Садик,71374,9178,0,0,0
2ТерО/4:Сахалин,72393,8155,0,0,0
2ТерО/4:Сова,72824,8815,0,0,0
2/4:Берлога,70933,9180,0,0,0
2/4:Велес,70934,9475,0,0,0
2/4:Зевс,70050,9141,0,0,0
2/4:Кресты,70518,8827,0,0,0
2/4:Курилка,69199,10175,0,0,0
2/4:Перекур,69512,10481,0,0,0
2/4:Перун,70203,9844,0,0,0
2/4:Секач,69914,9684,0,0,0
2/4:Фарт,70679,9313,0,0,0
3/4:Гавана,70498,13891,0,0,0
3/4:Гора,74825,7711,0,0,0
3/4:Желудок,72201,12365,0,0,0
3/4:Кошевой,73495,10518,0,0,0
3/4:Мерседес,72225,12099,0,0,0
3/4:Печкин,73736,11127,0,0,0
3/4:Роса,73465,11395,0,0,0
3/4:Серпантин,71738,13280,0,0,0
3/4:Суслик,71976,12919,0,0,0
3/4:Ялта,71120,10940,0,0,0
рр/4:Арчи,73911,2137,0,0,0
рр/4:Бон,72738,2446,0,0,0
рр/4:Ворона,69180,7656,0,0,0
рр/4:Гитин,65856,1377,0,0,0
рр/4:Кадыров,75135,6996,0,0,0
рр/4:Карусель,71668,2592,0,0,0
рр/4:Корнет,73201,9690,0,0,0
рр/4:Малинка,65605,1084,0,0,0
рр/4:Маус,71898,9325,0,0,0
рр/4:Паркан,74084,8211,0,0,0
рр/4:Сабля,74625,7628,0,0,0
рр/4:Хаястан,74571,8574,0,0,0
рр/4:Эверест,75190,8082,0,0,0
рр:Бостон,73820,1230,0,0,0
рр:Джокер,73120,8241,0,0,0
рр:Подвал-1,65731,1325,0,0,0
рр:Подвал-2,65707,1266,0,0,0
рр:Штрихкод,74333,3380,0,0,0
ТБ/4:Кавказ,74831,8034,0,0,0
ТБ/4:Логово,72612,11255,0,0,0
ТБ/4:Сакс,73604,10433,0,0,0
