-1,16336,60413,125,0,0
-2,16302,60507,125,0,0
-3,16268,60601,125,0,0
-4,16234,60695,125,0,0
-5,16200,60789,125,0,0
-6,16166,60883,125,0,0
-7,16132,60977,125,0,0
-8,16099,61072,125,0,0
-9,16065,61166,125,0,0
-10,16031,61260,125,0,0
-11,15997,61354,125,0,0
-12,15963,61448,125,0,0
-13,15929,61542,125,0,0
-14,15895,61636,125,0,0
-15,15861,61730,125,0,0
-16,15827,61824,125,0,0
-17,15815,61858,125,0,0
-18,15774,61949,125,0,0
-19,15733,62040,125,0,0
-20,15691,62131,125,0,0
-21,15650,62222,125,0,0
-22,15609,62314,125,0,0
-23,15568,62405,125,0,0
-24,15527,62496,125,0,0
-25,15516,62519,125,0,0
-26,15544,62568,125,0,0
-27,15504,62660,125,0,0
-28,15463,62751,125,0,0
-29,15423,62843,125,0,0
-30,15383,62934,125,0,0
-31,15343,63026,125,0,0
-32,15302,63117,125,0,0
-33,15262,63209,125,0,0
