d01,8482,70499,124.262,0,0
d05,8570,70441,123.57,0,0
d11,8571,70331,123.0,0,0
d03,8520,70479,124.0,0,0
d10,8587,70355,123.0,0,0
d16,8663,70226,121.39,0,0
d23,8736,70095,121.968,0,0
d26,8775,70027,120.0,0,0
d38,8884,69837,121.0,0,0
d44,8957,69702,120.589,0,0
d47,9031,69578,118.208,0,0
d52,9108,69450,116.859,0,0
d56,9182,69318,117.98,0,0
d58,9252,69129,119.422,0,0
d57,9251,69180,118.445,0,0
d61,9229,68953,119.567,0,0
d62,9267,68837,120.796,0,0
d63,9345,68915,119.628,0,0
d65,9325,68687,121.437,0,0
d66,9371,68536,121.015,0,0
d67,9506,68554,117.631,0,0
d68,9405,68356,121.074,0,0
d69,9427,68213,122.566,0,0
d73,9471,67961,122.235,0,0
d59,9093,69098,120.438,0,0
d54,8963,69311,120.66,0,0
d48,8873,69482,120.48,0,0
d39,8635,69725,120.0,0,0
d33,8626,69925,123.02,0,0
d32,8648,69981,122.388,0,0
d34,8349,69876,127.024,0,0
d20,8524,70099,121.445,0,0
d12,8417,70283,123.284,0,0
d02,8351,70466,125.571,0,0
d15,8803,70370,118.089,0,0
d06,8729,70503,119.398,0,0
d17,8794,70285,117.993,0,0
d29,8996,70285,117.919,0,0
d30,9159,70412,115.777,0,0
d22,8904,70255,118.478,0,0
d28,8914,70191,119.0,0,0
d27,8943,70126,118.552,0,0
d35,8832,69988,121.537,0,0
d36,8937,69981,118.037,0,0
d42,9150,69916,115.936,0,0
d49,9216,69713,114.045,0,0
d51,9249,69615,115.745,0,0
d55,9332,69441,115.161,0,0
d60,9395,69153,115.0,0,0
d64,9588,68868,116.042,0,0
d70,9684,68358,116.027,0,0
d74,9756,68046,114.042,0,0
d76,9887,67864,112.954,0,0
d176,9832,67660,117.589,0,0
d184,9895,67361,115.0,0,0
d174,10030,67827,113.902,0,0
d173,9915,67777,114.993,0,0
d172,9793,67734,116.824,0,0
d171,9582,67659,120.491,0,0
d185,9725,67155,116.0,0,0
d219,9488,67131,118.69,0,0
d222,9296,67102,120.383,0,0
d187,10078,67200,112.0,0,0
d192,9780,66972,116.023,0,0
d194,10083,66978,113.554,0,0
d190,10233,67175,112.629,0,0
d191,10315,67013,112.022,0,0
d195,10427,67045,113.25,0,0
d193,9912,66997,115.96,0,0
d223,9188,67486,123.887,0,0
d220,9385,67508,122.346,0,0
d233,8726,67356,129.106,0,0
d228,8946,67015,124.965,0,0
d232,8709,66998,127.023,0,0
d227,8975,67418,125.254,0,0
d234,8562,67325,132.844,0,0
d243,8227,67240,136.135,0,0
d254,7824,67179,143.953,0,0
d142,7734,67554,150.546,0,0
d144,7423,67481,152.52,0,0
d252,7929,66803,136.003,0,0
d251,7989,66610,127.305,0,0
d175,9608,67565,119.768,0,0
d75,9831,67970,114.118,0,0
d177,10149,67726,112.184,0,0
d181,10280,67678,113.251,0,0
d182,10376,67636,110.554,0,0
d183,10454,67600,110.722,0,0
d189,10513,67445,111.89,0,0
d179,10024,67510,111.886,0,0
d188,10251,67355,110.668,0,0
d180,10107,67518,113.593,0,0
d186,9927,67148,115.0,0,0
d178,9656,67402,116.765,0,0
d71,9649,68202,118.569,0,0
d72,9790,68204,115.33,0,0
d137,9053,68269,125.864,0,0
d105,8586,68443,130.598,0,0
d111,8016,68580,145.865,0,0
d118,7463,68253,150.0,0,0
d121,7270,68207,151.877,0,0
d145,7347,67840,152.05,0,0
d143,7545,67891,151.0,0,0
d141,8120,68045,139.0,0,0
d136,9071,67844,128.259,0,0
d138,8841,67805,132.354,0,0
d139,8512,67728,137.155,0,0
d140,8196,67654,140.0,0,0
d199,10720,67173,111.0,0,0
d198,10671,67002,112.004,0,0
d202,10772,67044,113.681,0,0
d201,10799,66845,114.304,0,0
d204,10995,66670,114.349,0,0
d205,10840,66624,116.458,0,0
d206,10655,66581,123.969,0,0
d207,10545,66551,128.658,0,0
d209,10387,66516,128.962,0,0
d211,10257,66482,131.0,0,0
d212,10111,66452,131.905,0,0
d213,9966,66422,129.517,0,0
d215,9818,66392,127.259,0,0
d217,9691,66363,122.894,0,0
d214,9957,66773,112.792,0,0
d216,9773,66582,116.24,0,0
d210,10309,66768,122.906,0,0
d208,10538,66703,121.189,0,0
d200,10798,66773,115.041,0,0
d197,10649,66828,118.374,0,0
d203,10919,66837,110.058,0,0
d196,10426,66879,121.539,0,0
d218,9471,66910,114.014,0,0
d221,9382,66890,116.927,0,0
d225,9176,67019,121.452,0,0
d224,9237,66860,119.71,0,0
d226,9094,66831,121.0,0,0
d229,8942,66799,122.018,0,0
d230,8794,66768,123.028,0,0
d235,8594,66726,125.981,0,0
d237,8655,66396,118.537,0,0
d236,8610,66603,121.223,0,0
d239,8501,66710,126.686,0,0
d242,8354,66675,126.521,0,0
d244,8206,66649,127.667,0,0
d248,8075,66618,127.357,0,0
d249,8068,66825,133.142,0,0
d245,8203,66854,131.066,0,0
d241,8366,66887,130.967,0,0
d238,8509,66920,128.749,0,0
d253,7877,66975,139.569,0,0
d250,8064,66549,123.889,0,0
d249,8225,66737,127.561,0,0
d246,8145,66604,125.674,0,0
d146,7009,67363,143.0,0,0
d263,7043,67204,143.877,0,0
d261,7089,67056,140.532,0,0
d259,7137,66915,137.707,0,0
d257,7184,66776,131.765,0,0
d255,7253,66523,127.681,0,0
d256,7082,66614,129.549,0,0
d258,7012,66818,133.86,0,0
d260,6972,66951,135.095,0,0
d262,6935,67098,137.565,0,0
d264,6902,67225,138.916,0,0
d147,6830,67347,141.123,0,0
d148,6770,67590,143.917,0,0
d149,6709,67726,144.199,0,0
d150,6596,67899,148.319,0,0
d151,6519,68145,149.0,0,0
d128,6473,68291,148.018,0,0
d127,6577,68486,151.0,0,0
d126,6722,68525,154.121,0,0
d124,6868,68557,155.051,0,0
d123,6979,68543,156.0,0,0
d119,7170,68636,154.908,0,0
d117,7307,68666,153.0,0,0
d116,7452,68695,150.981,0,0
d115,7595,68732,148.743,0,0
d113,7739,68765,148.686,0,0
d112,7886,68797,146.556,0,0
d109,8033,68832,144.01,0,0
d108,8179,68866,141.0,0,0
d106,8335,68905,134.624,0,0
d104,8472,68938,131.346,0,0
d102,8615,68972,129.025,0,0
d101,8797,69010,125.455,0,0
d77,8355,69717,126.038,0,0
d78,8217,69684,130.804,0,0
d79,8026,69638,134.84,0,0
d80,7927,69612,136.006,0,0
d81,7766,69576,139.231,0,0
d82,7613,69536,143.419,0,0
d83,7489,69508,145.0,0,0
d84,7350,69474,149.453,0,0
d85,7203,69435,151.944,0,0
d86,7014,69388,153.71,0,0
d87,6907,69363,155.172,0,0
d88,6766,69328,157.226,0,0
d89,6646,69299,157.309,0,0
d90,6476,69259,156.139,0,0
d91,6331,69226,154.054,0,0
d92,6186,69191,154.722,0,0
d94,6040,69154,155.757,0,0
d96,5864,69112,157.124,0,0
d97,5749,69084,160.873,0,0
d98,5605,69047,162.082,0,0
d99,5457,69012,162.564,0,0
d100,5468,68921,161.925,0,0
d153,5171,69727,164.763,0,0
d155,5208,69587,163.664,0,0
d156,5241,69442,165.964,0,0
d157,5236,69269,163.401,0,0
d158,5315,69134,164.865,0,0
d159,5350,68986,164.043,0,0
d160,5385,68852,163.0,0,0
d161,5421,68705,162.768,0,0
d162,5457,68559,160.0,0,0
d163,5492,68415,160.784,0,0
d164,5530,68276,156.491,0,0
d165,5589,68075,156.0,0,0
d135,5738,68112,157.795,0,0
d133,5882,68140,155.995,0,0
d132,6026,68175,154.872,0,0
d131,6170,68214,151.897,0,0
d129,6323,68251,150.726,0,0
d166,5651,67836,153.956,0,0
d167,5685,67684,152.98,0,0
d168,5770,67386,147.0,0,0
d169,5827,67110,144.63,0,0
d170,6004,66616,131.556,0,0
d265,6505,66362,128.217,0,0
d152,6345,67247,149.553,0,0
d103,8555,69359,125.75,0,0
d107,8253,69273,130.307,0,0
d110,7917,69195,140.793,0,0
d114,7600,69124,144.689,0,0
d122,7070,68990,153.189,0,0
d125,6768,68915,156.0,0,0
d130,6239,68729,151.019,0,0
d134,5814,68635,154.079,0,0
d04,8509,70440,124.0,0,0
d08,8544,70390,123.0,0,0
d09,8604,70387,122.925,0,0
d13,8643,70316,122.12,0,0
d14,8602,70269,121.662,0,0
d19,8673,70151,122.142,0,0
d18,8702,70204,120.489,0,0
d24,8770,70074,120.335,0,0
d37,8817,69879,120.456,0,0
d40,8883,69774,121.96,0,0
d43,8957,69761,119.541,0,0
d45,8942,69652,120.347,0,0
d46,9013,69681,118.857,0,0
d50,9044,69464,118.952,0,0
d53,9150,69371,116.621,0,0
d87+,6741,69715,155.423,0,0
d93,6055,69553,155.787,0,0
d95,5849,69510,157.283,0,0
d154,5277,69673,162.884,0,0
d84+,7185,69844,148.0,0,0
d07,8885,70513,118.927,0,0
d21,8740,70159,121.262,0,0
d31,9138,70276,115.754,0,0
d41,9023,69873,115.337,0,0
d120,7210,68452,152.558,0,0
d247,8130,66668,127.503,0,0
d25,8722,70041,120.0,0,0
d231,8771,66583,115.993,0,0
d240,8430,66663,125.107,0,0
,8430,66663,125.107,0,0
