u01,7223,73852,121.935,0,0
u02,7111,73899,125.329,0,0
u03,7417,73966,120.411,0,0
u04,7576,74055,120.759,0,0
u05,7292,73690,122.91,0,0
u06,7198,73671,124.648,0,0
u07,7352,73553,123.0,0,0
u08,7417,73414,124.755,0,0
u09,7796,73577,119.264,0,0
u10,7489,73250,125.478,0,0
u11,7403,73238,126.048,0,0
u12,7556,73118,124.685,0,0
u13,7487,73065,124.157,0,0
u14,7605,73015,125.0,0,0
u15,7532,72956,126.679,0,0
u16,7558,72935,126.873,0,0
u17,7637,72886,126.0,0,0
u18,7681,72839,126.495,0,0
u20,7720,72748,125.598,0,0
u21,7744,72682,125.682,0,0
u19,7627,72788,126.881,0,0
u22,7677,72646,125.892,0,0
u23,7794,72618,123.628,0,0
u24,7803,72535,124.852,0,0
u25,7738,72495,126.016,0,0
u26,7858,72444,124.223,0,0
u27,7836,72360,127.064,0,0
u28,7895,72312,128.553,0,0
u29,7615,73376,121.383,0,0
u30,7653,73289,122.211,0,0
u31,7689,73208,121.309,0,0
u32,7753,73084,123.128,0,0
u33,7871,73130,121.249,0,0
u34,8097,73215,118.825,0,0
u35,7810,72989,121.787,0,0
u36,7826,72909,123.0,0,0
u37,7852,72847,122.0,0,0
u38,7888,72741,121.988,0,0
u39,7835,72698,123.0,0,0
u40,8228,72723,118.0,0,0
u41,7930,72673,120.744,0,0
u42,7944,72598,121.093,0,0
u43,7957,72520,120.436,0,0
u44,8012,72409,120.939,0,0
u45,7035,73780,127.812,0,0
u46,7072,73773,127.0,0,0
u48,7122,73704,127.058,0,0
u47,7006,73738,129.384,0,0
u49,7138,73629,127.0,0,0
u50,7061,73612,130.0,0,0
u51,7160,73546,126.99,0,0
u52,7209,73485,126.31,0,0
u53,7243,73402,128.934,0,0
u55,7206,73296,130.222,0,0
u54,7157,73381,127.228,0,0
u56,7322,73309,127.884,0,0
u57,7341,73183,129.0,0,0
u58,7278,73136,130.441,0,0
u59,7359,73082,128.117,0,0
u60,7409,73044,127.37,0,0
u61,7352,73003,128.0,0,0
u62,7458,72978,125.707,0,0
u63,7469,72910,126.563,0,0
u65,7514,72855,126.967,0,0
u66,7535,72769,127.408,0,0
u67,7465,72732,128.0,0,0
u68,7587,72695,127.933,0,0
u69,7597,72628,128.496,0,0
u70,7529,72596,129.826,0,0
u71,7646,72567,126.996,0,0
u72,7661,72481,127.964,0,0
u73,7591,72456,129.816,0,0
u74,7764,72397,126.026,0,0
u77,7704,72286,132.266,0,0
u78,7747,72273,132.928,0,0
u64,7397,72876,127.826,0,0
u75,7712,72362,129.65,0,0
u76,7625,72324,131.675,0,0
u79,6930,73703,131.674,0,0
u80,6963,73627,132.29,0,0
u81,6993,73564,132.356,0,0
u82,7034,73473,130.716,0,0
u83,7088,73404,127.853,0,0
u84,7095,73340,129.222,0,0
u85,7038,73284,132.0,0,0
u86,7108,73250,128.505,0,0
u87,7159,73200,129.982,0,0
u88,7106,73159,130.0,0,0
u89,7200,73119,129.896,0,0
u90,7239,73035,129.999,0,0
u91,7268,72975,129.878,0,0
u92,7299,72903,131.325,0,0
u93,7328,72841,131.049,0,0
u94,7348,72765,130.04,0,0
u95,7394,72697,131.002,0,0
u97,7457,72562,131.998,0,0
u98,7391,72531,132.535,0,0
u99,7474,72495,130.549,0,0
u100,7519,72427,131.0,0,0
u101,7447,72399,133.387,0,0
u102,7554,72327,131.0,0,0
u103,7566,72226,133.469,0,0
u96,7418,72610,130.806,0,0
u104,6766,73796,126.763,0,0
u105,6771,73702,132.381,0,0
u106,6857,73693,132.584,0,0
u107,6729,73636,135.93,0,0
u111,6789,73633,134.861,0,0
u112,6819,73565,135.01,0,0
u113,6850,73499,135.795,0,0
u108,6351,73535,137.827,0,0
u110,6304,73284,140.997,0,0
u114,6872,73452,135.061,0,0
u115,6892,73410,135.755,0,0
u116,6931,73366,133.674,0,0
u117,6826,73335,133.0,0,0
u118,6954,73281,131.978,0,0
u109,6376,73370,141.462,0,0
u119,6994,73193,131.782,0,0
u120,6904,73178,133.533,0,0
u121,6858,73132,133.995,0,0
u122,6804,73115,134.0,0,0
u123,6747,73083,136.572,0,0
u124,6713,73032,135.417,0,0
u125,7022,73132,133.528,0,0
u128,7073,73062,134.07,0,0
u126,6916,73061,136.405,0,0
u127,6982,73052,136.0,0,0
u129,7085,72998,134.248,0,0
u130,6956,72955,137.54,0,0
u131,7100,72924,133.299,0,0
u134,7145,72865,133.122,0,0
u135,7042,72778,136.761,0,0
u136,6957,72738,140.123,0,0
u137,7187,72775,133.647,0,0
u138,7097,72719,138.208,0,0
u139,7042,72723,138.879,0,0
u140,7012,72698,139.366,0,0
u141,7217,72706,134.947,0,0
u142,7108,72655,138.298,0,0
u143,7256,72627,134.526,0,0
u144,7145,72577,137.012,0,0
u147,7320,72501,135.791,0,0
u145,7286,72568,134.291,0,0
u146,7175,72515,137.187,0,0
u148,7214,72425,138.007,0,0
u149,7343,72419,134.817,0,0
u150,7239,72374,138.442,0,0
u151,7382,72371,134.0,0,0
u152,7251,72300,138.278,0,0
u153,7410,72303,133.086,0,0
u155,7452,72197,136.33,0,0
u156,7352,72166,138.229,0,0
u154,7388,72222,136.65,0,0
u132,6974,72875,138.686,0,0
u133,6904,72790,139.315,0,0
u04+,7617,73816,123.199,0,0
u09+,7662,73531,116.414,0,0
u34+,7931,73322,118.272,0,0
u157,6609,72964,137.0,0,0
u158,6480,72922,142.279,0,0
u159,6339,72885,143.024,0,0
u160,6195,72843,144.0,0,0
u161,6049,72806,146.447,0,0
u162,5902,72761,150.0,0,0
u163,5759,72719,151.0,0,0
u164,5616,72679,154.0,0,0
u165,5470,72639,155.0,0,0
u166,5322,72596,156.057,0,0
u167,5179,72554,158.8,0,0
u168,5034,72517,160.0,0,0
u169,4891,72474,162.095,0,0
u170,4745,72435,164.792,0,0
u171,4603,72393,166.048,0,0
u172,4744,71904,167.669,0,0
u173,7999,72055,130.895,0,0
u174,8171,72101,121.551,0,0
u175,8063,71901,128.481,0,0
u176,8192,71943,121.318,0,0
u177,8105,71865,123.7,0,0
u179,8126,71748,126.006,0,0
u180,8173,71744,123.53,0,0
u181,8229,71705,123.691,0,0
u182,8188,71578,127.359,0,0
u183,8297,71617,121.88,0,0
u184,8429,71647,120.017,0,0
u185,8261,71314,129.0,0,0
u187,8541,71393,124.128,0,0
u188,8334,71055,130.191,0,0
u189,8445,71078,128.012,0,0
u190,8402,70808,130.85,0,0
u191,8605,70838,136.022,0,0
u192,8720,70936,127.167,0,0
u193,8475,70555,127.783,0,0
u194,8673,70596,123.475,0,0
u195,8816,70632,119.532,0,0
u196,7832,72004,134.512,0,0
u197,7871,71850,135.305,0,0
u198,7923,71695,133.958,0,0
u199,7976,71517,131.288,0,0
u200,8051,71235,132.457,0,0
u201,8125,70996,135.023,0,0
u202,8192,70758,134.0,0,0
u203,8265,70515,131.116,0,0
u186,8380,71364,122.204,0,0
u204,7634,71963,139.784,0,0
u205,7703,71726,141.329,0,0
u206,7769,71475,138.131,0,0
u207,7845,71185,139.146,0,0
u208,7918,70946,140.855,0,0
u209,7987,70698,137.434,0,0
u210,8056,70444,130.724,0,0
u211,7417,71904,144.646,0,0
u212,7490,71686,146.434,0,0
u213,7564,71414,146.26,0,0
u214,7648,71131,142.111,0,0
u215,7707,70897,140.437,0,0
u216,7779,70641,139.0,0,0
u217,7852,70397,132.289,0,0
u218,7128,72098,144.858,0,0
u219,7211,71858,147.741,0,0
u220,7280,71628,150.0,0,0
u221,7355,71364,149.0,0,0
u222,7425,71100,147.17,0,0
u223,7500,70847,143.421,0,0
u224,7566,70594,141.935,0,0
u225,7639,70345,136.784,0,0
u226,6924,72030,148.981,0,0
u227,6994,71810,149.386,0,0
u228,7057,71569,151.0,0,0
u229,7130,71306,149.0,0,0
u230,7217,71052,147.936,0,0
u231,7288,70791,144.613,0,0
u232,7359,70543,145.0,0,0
u233,7430,70297,143.224,0,0
u234,6708,71981,151.489,0,0
u235,6781,71758,152.935,0,0
u236,6849,71517,154.498,0,0
u237,6927,71257,151.0,0,0
u238,7014,71008,148.525,0,0
u239,7085,70748,147.975,0,0
u240,7156,70493,147.875,0,0
u241,7223,70236,145.379,0,0
u242,6501,71921,155.7,0,0
u243,6572,71701,156.34,0,0
u244,6646,71463,154.0,0,0
u245,6724,71200,151.446,0,0
u246,6792,70963,151.275,0,0
u247,6875,70694,147.586,0,0
u248,6944,70437,146.868,0,0
u249,7016,70190,147.024,0,0
u250,6296,71865,155.407,0,0
u251,6363,71644,160.889,0,0
u252,6428,71408,157.0,0,0
u253,6512,71145,157.0,0,0
u254,6581,70906,153.156,0,0
u255,6659,70649,151.273,0,0
u256,6744,70383,149.012,0,0
u257,6808,70140,149.598,0,0
u258,6120,71810,159.704,0,0
u259,6156,71598,162.037,0,0
u260,6225,71357,160.507,0,0
u261,6302,71089,161.216,0,0
u262,6367,70853,156.989,0,0
u263,6399,70744,155.811,0,0
u264,6449,70592,153.508,0,0
u265,6521,70336,155.042,0,0
u266,6592,70087,154.856,0,0
u178,8127,71809,123.741,0,0
u267,5880,71752,161.332,0,0
u268,5937,71542,164.578,0,0
u269,6006,71287,162.769,0,0
u270,6094,71039,163.803,0,0
u271,6162,70801,159.0,0,0
u272,6197,70693,157.197,0,0
u273,6244,70536,158.138,0,0
u274,6315,70291,160.004,0,0
u275,6388,70040,157.78,0,0
u276,5680,71695,162.75,0,0
u277,5737,71483,166.002,0,0
u278,5805,71236,166.0,0,0
u279,5884,70985,167.0,0,0
u280,5953,70751,163.683,0,0
u281,5986,70635,161.175,0,0
u282,6035,70489,160.648,0,0
u283,6107,70237,161.422,0,0
u284,6178,69991,160.715,0,0
u285,5490,71633,167.507,0,0
u286,5537,71437,170.0,0,0
u287,5609,71177,170.081,0,0
u288,5678,70940,168.926,0,0
u289,5750,70687,168.0,0,0
u290,5831,70438,162.816,0,0
u291,5903,70189,161.952,0,0
u292,5970,69937,160.4,0,0
u293,5290,71576,167.251,0,0
u294,5352,71386,169.73,0,0
u295,5417,71135,168.953,0,0
u296,5479,70883,167.401,0,0
u297,5546,70632,169.0,0,0
u298,5627,70390,165.069,0,0
u299,5686,70152,162.114,0,0
u300,5757,69890,162.339,0,0
u301,5093,71516,172.229,0,0
u302,5146,71326,172.318,0,0
u303,5211,71077,168.0,0,0
u304,5279,70833,169.0,0,0
u305,5352,70583,170.504,0,0
u306,5417,70337,168.331,0,0
u307,5495,70098,164.711,0,0
u308,5565,69855,164.46,0,0
u309,4894,71461,169.554,0,0
u310,4952,71267,170.298,0,0
u311,5016,71023,168.927,0,0
u312,5090,70780,169.054,0,0
u313,5156,70533,167.867,0,0
u314,5225,70286,168.04,0,0
u315,5289,70050,166.489,0,0
u316,5350,69797,164.472,0,0
u187+,8811,71431,118.801,0,0
u192+,8804,71057,116.911,0,0
u195+,9075,70695,116.0,0,0
,9075,70695,116.0,0,0
