а03,9469,70615,129.932,0,0
а04,9141,70279,115.868,0,0
а05,9790,70607,131.924,0,0
а06,9648,70565,127.569,0,0
а07,9530,70500,127.603,0,0
а08,9315,70318,120.924,0,0
а09,9984,70503,136.458,0,0
а10,9896,70449,135.538,0,0
а11,9772,70381,136.116,0,0
а12,9627,70316,131.384,0,0
а13,9510,70280,127.713,0,0
а14,9456,70212,126.054,0,0
а15,9389,70232,120.944,0,0
а16,9339,70188,119.279,0,0
а18,9145,70155,115.456,0,0
а19,10074,70377,141.983,0,0
а20,9999,70249,141.528,0,0
а21,9914,70245,139.705,0,0
а22,9886,70177,138.806,0,0
а23,9813,70265,137.512,0,0
а24,9693,70230,135.0,0,0
а25,9758,70102,135.867,0,0
а26,9547,70162,132.591,0,0
а27,9632,70100,134.428,0,0
а27,9497,70113,130.173,0,0
а28,9552,70052,131.93,0,0
а29,9355,70058,121.094,0,0
а30,9413,69968,124.772,0,0
а31,10052,70164,141.0,0,0
а32,9939,70092,137.511,0,0
а33,9818,70032,133.52,0,0
а34,9751,69978,133.772,0,0
а35,9646,69915,130.897,0,0
а36,9491,69845,122.064,0,0
а37,10260,70170,144.924,0,0
а38,10147,70057,142.1,0,0
а39,10007,70002,138.619,0,0
а40,9841,69930,132.343,0,0
а41,9758,69885,130.728,0,0
а42,9674,69845,128.793,0,0
а43,9547,69777,120.568,0,0
а44,10310,70091,142.032,0,0
а45,10172,69982,140.882,0,0
а46,10054,69903,138.062,0,0
а47,9907,69862,134.256,0,0
а48,9926,69821,134.415,0,0
а49,9717,69799,124.729,0,0
а50,9818,69770,127.782,0,0
а51,9724,69721,121.238,0,0
а52,9616,69649,117.687,0,0
а53,10223,69796,137.463,0,0
а54,9661,69565,118.475,0,0
а55,9698,69505,118.236,0,0
а56,10261,69672,138.969,0,0
а57,10298,69599,139.0,0,0
а58,9745,69404,121.813,0,0
а59,10331,69506,139.963,0,0
а60,9804,69296,121.193,0,0
а60,10375,69395,142.03,0,0
а61,10146,69276,139.562,0,0
а62,10035,69285,132.996,0,0
а62,9909,69148,119.934,0,0
а63,10468,69169,140.548,0,0
а64,10391,69096,138.027,0,0
а65,10253,69124,135.083,0,0
Р01,8521,72816,126.666,0,0
р02,8394,72731,121.498,0,0
р02,8297,72727,118.269,0,0
р04,8557,72724,123.881,0,0
р05,8432,72669,122.389,0,0
р05,8635,72614,130.487,0,0
р06,8469,72560,122.684,0,0
р07,8668,72450,133.031,0,0
р08,8519,72438,124.428,0,0
р09,8572,72338,123.941,0,0
р10,8728,72309,131.164,0,0
р11,8610,72254,121.038,0,0
р12,8767,72187,128.681,0,0
р13,8703,72124,123.93,0,0
р14,8923,72271,133.172,0,0
р15,8746,72053,123.337,0,0
р16,9031,72147,136.577,0,0
р17,8846,71966,124.834,0,0
р18,9096,72019,134.162,0,0
р19,8907,71873,122.49,0,0
р20,9184,71894,134.134,0,0
р21,8986,71782,122.716,0,0
р22,9269,71750,136.942,0,0
р23,9079,71629,121.158,0,0
р24,9337,71615,132.093,0,0
р25,9147,71520,125.741,0,0
р26,9221,71426,123.576,0,0
у01,10494,68937,137.574,0,0
у02,10707,68623,136.223,0,0
у03,10412,68502,123.438,0,0
у04,10989,68596,141.36,0,0
у05,10841,68510,140.68,0,0
у06,10770,68369,137.419,0,0
у07,10529,68407,124.344,0,0
у08,10346,68265,117.306,0,0
у09,10587,68294,127.993,0,0
у10,10448,68178,117.542,0,0
у11,10869,68359,138.0,0,0
у12,10640,68225,132.464,0,0
у13,10465,68076,115.878,0,0
у14,10854,68227,134.0,0,0
у15,10795,68140,129.361,0,0
у16,10720,68084,124.262,0,0
у17,10639,68026,120.263,0,0
у18,10531,67972,116.9,0,0
у19,10961,68079,130.154,0,0
у20,10759,68003,123.045,0,0
у21,10618,67859,118.82,0,0
у22,11086,67949,131.0,0,0
у23,10888,67847,122.746,0,0
у24,10709,67770,116.318,0,0
у25,10916,67783,121.39,0,0
у26,10761,67659,116.273,0,0
у27,11200,67782,135.069,0,0
у28,10994,67697,122.819,0,0
у29,10819,67564,117.104,0,0
у30,11265,67698,137.0,0,0
у31,11135,67632,128.926,0,0
у32,11092,67527,124.556,0,0
у33,11120,67485,125.267,0,0
у34,10913,67467,118.0,0,0
у35,10963,67376,116.867,0,0
у36,11321,67591,133.198,0,0
у36,11035,67295,116.515,0,0
у37,11422,67442,129.79,0,0
у38,11251,67311,121.026,0,0
у39,11056,67193,115.484,0,0
у40,11508,67295,126.312,0,0
у42,11337,67151,118.0,0,0
у43,11190,67008,111.784,0,0
у45,11266,67051,114.669,0,0
у46,11117,66885,109.767,0,0
у47,11056,66800,111.654,0,0
а01,9883,70688,136.322,0,0
а02,9643,70641,131.081,0,0
