Я03,13427,62872,118.92,0,0
Я04,13433,62833,118.262,0,0
Я05,13448,62798,117.276,0,0
Я06,13519,62827,123.461,0,0
Я07,13459,62772,116.758,0,0
Я08,13528,62795,123.164,0,0
Я09,13465,62745,117.36,0,0
Я10,13537,62757,121.735,0,0
Я11,13476,62706,117.361,0,0
Я12,13544,62723,121.293,0,0
Я13,13483,62682,117.041,0,0
Я14,13492,62653,116.801,0,0
Я15,13541,62687,119.46,0,0
Я16,13594,62640,119.643,0,0
Я18,13565,62639,118.804,0,0
Я17,13581,62695,120.829,0,0
Я20,13573,62731,122.0,0,0
Я19,13556,62711,121.037,0,0
Я21,13563,62766,122.701,0,0
Я22,13556,62801,124.424,0,0
Я23,13547,62834,124.779,0,0
Я23+,13540,62865,124.579,0,0
Я24,13529,62899,124.377,0,0
Я26,13526,62936,125.197,0,0
Я25,13563,62905,125.144,0,0
Я27,13597,62835,125.394,0,0
Я26+,13539,62999,128.299,0,0
Я27+,13494,62995,125.402,0,0
Я28,13424,63019,123.989,0,0
Я29,13484,63027,125.0,0,0
Я30,13458,63053,125.048,0,0
Я31,13615,62796,124.132,0,0
Я32,13630,62763,122.955,0,0
Я33,13653,62720,123.167,0,0
Я36,13684,62658,122.904,0,0
Я37,13729,62665,125.075,0,0
Я38,13706,62711,124.767,0,0
Я39,13693,62739,125.453,0,0
Я40,13681,62765,125.103,0,0
Я41,13666,62787,125.447,0,0
Я42,13658,62812,126.182,0,0
Я43,13639,62844,126.784,0,0
Я44,13625,62871,126.352,0,0
Я45,13612,62899,126.949,0,0
Я46,13599,62926,127.273,0,0
Я47,13587,62953,127.768,0,0
Я48,13573,62657,119.93,0,0
Я49,13717,62633,123.504,0,0
Я50,13416,62966,120.821,0,0
Я01,13456,62949,122.539,0,0
Я02,13500,62905,123.462,0,0
