Dinamo-1,13075,55877,125,0,0
Dinamo-2,13174,55890,125,0,0
Dinamo-3,13273,55902,125,0,0
Dinamo-4,13373,55915,125,0,0
Dinamo-5,13472,55927,125,0,0
Dinamo-6,13571,55940,125,0,0
Dinamo-7,13670,55952,125,0,0
Dinamo-8,13769,55965,125,0,0
Dinamo-9,13869,55978,125,0,0
Dinamo-10,13968,55990,125,0,0
Dinamo-11,14067,56003,125,0,0
Dinamo-12,14166,56015,125,0,0
Dinamo-13,14265,56028,125,0,0
Dinamo-14,14365,56040,125,0,0
Dinamo-15,14464,56053,125,0,0
Dinamo-16,14563,56066,125,0,0
Dinamo-17,14662,56078,125,0,0
Dinamo-18,14762,56091,125,0,0
Dinamo-19,14861,56103,125,0,0
Dinamo-20,14960,56116,125,0,0
Dinamo-21,15059,56129,125,0,0
Dinamo-22,15158,56141,125,0,0
Dinamo-23,15258,56154,125,0,0
Dinamo-24,15357,56166,125,0,0
Dinamo-25,15456,56179,125,0,0
Dinamo-26,15555,56191,125,0,0
Dinamo-27,15654,56204,125,0,0
Dinamo-28,15754,56217,125,0,0
Dinamo-29,15853,56229,125,0,0
Dinamo-30,15952,56242,125,0,0
Dinamo-31,16051,56254,125,0,0
Dinamo-32,16150,56267,125,0,0
Dinamo-33,16250,56279,125,0,0
Dinamo-34,16349,56292,125,0,0
Dinamo-35,16448,56305,125,0,0
Dinamo-36,16547,56317,125,0,0
Dinamo-37,16646,56330,125,0,0
Dinamo-38,16746,56342,125,0,0
Dinamo-39,16845,56355,125,0,0
Dinamo-40,16944,56367,125,0,0
Dinamo-41,17043,56380,125,0,0
Dinamo-42,17142,56393,125,0,0
Dinamo-43,17242,56405,125,0,0
Dinamo-44,17341,56418,125,0,0
Dinamo-45,17440,56430,125,0,0
Dinamo-46,17539,56443,125,0,0
Dinamo-47,17638,56456,125,0,0
Dinamo-48,17738,56468,125,0,0
Dinamo-49,17837,56481,125,0,0
Dinamo-50,17936,56493,125,0,0
,17936,56493,125,0,0
