Veslo-1,10923,68698,150,0,0
Veslo-2,11002,68759,150,0,0
Veslo-3,11081,68821,150,0,0
Veslo-4,11160,68882,150,0,0
Veslo-5,11239,68944,150,0,0
Veslo-6,11318,69005,150,0,0
Veslo-7,11396,69067,150,0,0
Veslo-8,11475,69128,150,0,0
Veslo-9,11554,69189,150,0,0
Veslo-10,11633,69251,150,0,0
Veslo-11,11712,69312,150,0,0
Veslo-12,11791,69374,150,0,0
Veslo-13,11870,69435,150,0,0
Veslo-14,11949,69497,150,0,0
Veslo-15,12028,69558,150,0,0
Veslo-16,12107,69619,150,0,0
Veslo-17,12186,69681,150,0,0
Veslo-18,12265,69742,150,0,0
Veslo-19,12343,69804,150,0,0
Veslo-20,12422,69865,150,0,0
Veslo-21,12501,69926,150,0,0
Veslo-22,12580,69988,150,0,0
Veslo-23,12659,70049,150,0,0
Veslo-24,12738,70111,150,0,0
,12738,70111,150,0,0
