Diplomat-1,10277,69750,160,0,0
Diplomat-2,10356,69812,160,0,0
Diplomat-3,10435,69873,160,0,0
Diplomat-4,10513,69935,160,0,0
Diplomat-5,10592,69996,160,0,0
Diplomat-6,10671,70058,160,0,0
Diplomat-7,10750,70119,160,0,0
Diplomat-8,10829,70181,160,0,0
Diplomat-9,10908,70242,160,0,0
Diplomat-10,10986,70304,160,0,0
Diplomat-11,11065,70365,160,0,0
Diplomat-12,11144,70427,160,0,0
Diplomat-13,11223,70488,160,0,0
Diplomat-14,11302,70550,160,0,0
Diplomat-15,11381,70611,160,0,0
Diplomat-16,11459,70673,160,0,0
Diplomat-17,11538,70735,160,0,0
Diplomat-18,11617,70796,160,0,0
Diplomat-19,11696,70858,160,0,0
Diplomat-20,11775,70919,160,0,0
Diplomat-21,11854,70981,160,0,0
Diplomat-22,11932,71042,160,0,0
Diplomat-23,12011,71104,160,0,0
Diplomat-24,12090,71165,160,0,0
Diplomat-25,12169,71227,160,0,0
Diplomat-26,12248,71288,160,0,0
,12248,71288,160,0,0
