Banka-1,19927,58819,110,0,0
Banka-2,19917,58919,110,0,0
Banka-3,19907,59018,110,0,0
Banka-4,19897,59118,110,0,0
Banka-5,19887,59217,110,0,0
Banka-6,19877,59317,110,0,0
Banka-7,19867,59416,110,0,0
Banka-8,19857,59516,110,0,0
Banka-9,19847,59615,110,0,0
Banka-10,19837,59715,110,0,0
Banka-11,19827,59814,110,0,0
Banka-12,19817,59914,110,0,0
Banka-13,19807,60013,110,0,0
Banka-14,19797,60113,110,0,0
Banka-15,19787,60212,110,0,0
Banka-16,19777,60312,110,0,0
Banka-17,19767,60411,110,0,0
Banka-18,19757,60511,110,0,0
Banka-19,19747,60610,110,0,0
Banka-20,19737,60710,110,0,0
Banka-21,19727,60809,110,0,0
Banka-22,19717,60909,110,0,0
Banka-23,19707,61008,110,0,0
Banka-24,19697,61108,110,0,0
Banka-25,19687,61207,110,0,0
Banka-26,19678,61307,110,0,0
Banka-27,19668,61406,110,0,0
Banka-28,19658,61506,110,0,0
Banka-29,19648,61605,110,0,0
Banka-30,19638,61705,110,0,0
Banka-31,19628,61804,110,0,0
Banka-32,19618,61904,110,0,0
Banka-33,19608,62003,110,0,0
Banka-34,19598,62103,110,0,0
Banka-35,19588,62202,110,0,0
Banka-36,19578,62302,110,0,0
Banka-37,19568,62401,110,0,0
Banka-38,19558,62501,110,0,0
Banka-39,19548,62600,110,0,0
Banka-40,19538,62700,110,0,0
Banka-41,19528,62799,110,0,0
Banka-42,19518,62899,110,0,0
Banka-43,19508,62998,110,0,0
Banka-44,19498,63098,110,0,0
Banka-45,19488,63197,110,0,0
Banka-46,19478,63297,110,0,0
Banka-47,19468,63396,110,0,0
Banka-48,19458,63496,110,0,0
,19458,63496,110,0,0
