Gitara-1,13379,68884,165,0,0
Gitara-2,13339,68976,165,0,0
Gitara-3,13299,69067,165,0,0
Gitara-4,13259,69159,165,0,0
Gitara-5,13219,69251,165,0,0
Gitara-6,13179,69342,165,0,0
Gitara-7,13139,69434,165,0,0
Gitara-8,13099,69526,165,0,0
Gitara-9,13059,69617,165,0,0
Gitara-10,13019,69709,165,0,0
Gitara-11,12979,69800,165,0,0
Gitara-12,12939,69892,165,0,0
Gitara-13,12899,69984,165,0,0
Gitara-14,12859,70075,165,0,0
Gitara-15,12819,70167,165,0,0
Gitara-16,12779,70259,165,0,0
Gitara-17,12739,70350,165,0,0
Gitara-18,12699,70442,165,0,0
Gitara-19,12659,70534,165,0,0
Gitara-20,12619,70625,165,0,0
Gitara-21,12579,70717,165,0,0
Gitara-22,12539,70809,165,0,0
Gitara-23,12499,70900,165,0,0
Gitara-24,12459,70992,165,0,0
Gitara-25,12419,71084,165,0,0
Gitara-26,12379,71175,165,0,0
Gitara-27,12339,71267,165,0,0
Gitara-28,12299,71359,165,0,0
,12299,71359,165,0,0
