Apatitu-1,13397,63986,145,0,0
Apatitu-2,13496,63998,145,0,0
Apatitu-3,13595,64011,145,0,0
Apatitu-4,13695,64023,145,0,0
Apatitu-5,13794,64035,145,0,0
Apatitu-6,13893,64048,145,0,0
Apatitu-7,13992,64060,145,0,0
Apatitu-8,14092,64072,145,0,0
Apatitu-9,14191,64085,145,0,0
Apatitu-10,14290,64097,145,0,0
Apatitu-11,14389,64109,145,0,0
Apatitu-12,14489,64122,145,0,0
Apatitu-13,14588,64134,145,0,0
Apatitu-14,14687,64146,145,0,0
Apatitu-15,14786,64159,145,0,0
Apatitu-16,14886,64171,145,0,0
,14886,64171,145,0,0
