Azia-1,15903,62297,135,0,0
Azia-2,16002,62310,135,0,0
Azia-3,16101,62322,135,0,0
Azia-4,16201,62335,135,0,0
Azia-5,16300,62347,135,0,0
Azia-6,16399,62360,135,0,0
Azia-7,16498,62372,135,0,0
Azia-8,16597,62385,135,0,0
Azia-9,16697,62397,135,0,0
Azia-10,16796,62410,135,0,0
Azia-11,16895,62422,135,0,0
Azia-12,16994,62435,135,0,0
Azia-13,17094,62447,135,0,0
Azia-14,17193,62460,135,0,0
Azia-15,17292,62472,135,0,0
Azia-16,17391,62485,135,0,0
Azia-17,17490,62497,135,0,0
Azia-18,17590,62510,135,0,0
Azia-19,17689,62523,135,0,0
Azia-20,17788,62535,135,0,0
Azia-21,17887,62548,135,0,0
Azia-22,17986,62560,135,0,0
Azia-23,18086,62573,135,0,0
Azia-24,18185,62585,135,0,0
,18185,62585,135,0,0
