Angara-1,16468,64294,150,0,0
Angara-2,16477,64194,150,0,0
Angara-3,16485,64095,150,0,0
Angara-4,16494,63995,150,0,0
Angara-5,16502,63895,150,0,0
Angara-6,16511,63796,150,0,0
Angara-7,16519,63696,150,0,0
Angara-8,16528,63597,150,0,0
Angara-9,16536,63497,150,0,0
Angara-10,16545,63397,150,0,0
Angara-11,16553,63298,150,0,0
Angara-12,16562,63198,150,0,0
Angara-13,16570,63098,150,0,0
Angara-14,16579,62999,150,0,0
Angara-15,16587,62899,150,0,0
Angara-16,16596,62799,150,0,0
Angara-17,16604,62700,150,0,0
Angara-18,16613,62600,150,0,0
Angara-19,16622,62501,150,0,0
Angara-20,16630,62401,150,0,0
,16630,62401,150,0,0
