Ahmat-1,17788,56574,105,0,0
Ahmat-2,17724,56656,105,0,0
Ahmat-3,17810,56707,105,0,0
Ahmat-4,17896,56758,105,0,0
Ahmat-5,17961,56796,105,0,0
Ahmat-6,17992,56889,105,0,0
Ahmat-7,17980,57001,105,0,0
Ahmat-8,17915,57077,105,0,0
Ahmat-9,17850,57153,105,0,0
Ahmat-10,17819,57189,105,0,0
Ahmat-11,17850,57284,105,0,0
Ahmat-12,17880,57379,105,0,0
Ahmat-13,17911,57475,105,0,0
Ahmat-14,17944,57578,105,0,0
Ahmat-15,17898,57667,105,0,0
Ahmat-16,17842,57773,105,0,0
Ahmat-17,17742,57769,105,0,0
Ahmat-18,17642,57765,105,0,0
,17642,57765,105,0,0
