Enisei-1,15849,64361,160,0,0
Enisei-2,15827,64459,160,0,0
Enisei-3,15806,64556,160,0,0
Enisei-4,15784,64654,160,0,0
Enisei-5,15763,64752,160,0,0
Enisei-6,15741,64849,160,0,0
Enisei-7,15719,64947,160,0,0
Enisei-8,15698,65044,160,0,0
Enisei-9,15676,65142,160,0,0
Enisei-10,15655,65240,160,0,0
Enisei-11,15642,65297,160,0,0
Enisei-12,15628,65396,160,0,0
Enisei-13,15614,65495,160,0,0
Enisei-14,15600,65594,160,0,0
Enisei-15,15586,65693,160,0,0
Enisei-16,15572,65792,160,0,0
Enisei-17,15558,65891,160,0,0
Enisei-18,15544,65990,160,0,0
Enisei-19,15530,66089,160,0,0
,15530,66089,160,0,0
